10.95 45.12 12 1.26 -1.26 0.00 -3.18 0.41 0.28 23 X Y 201206031920A
10.36 44.82 30 -1.66 2.52 -0.86 -2.25 -0.44 -1.46 23 X Y 201201250806A
10.16 44.58 58 4.05 -3.50 -0.55 -1.71 0.18 1.09 23 X Y 201201271453A
11.44 44.89 12 1.47 -1.39 -0.08 -0.53 0.77 0.37 25 X Y 201205200203A
11.32 44.95 12 3.77 -3.31 -0.46 -3.13 4.39 1.19 23 X Y 201205200302A
11.49 44.81 12 6.16 -5.20 -0.96 -2.38 3.08 2.26 23 X Y 201205201318A
11.15 44.92 12 0.64 -0.64 -0.00 -0.40 0.22 0.14 25 X Y 201205290700A
11.02 44.90 12 1.90 -1.78 -0.12 -0.44 0.70 0.42 24 X Y 201205291055A
10.95 44.84 12 2.55 -2.43 -0.12 0.45 -0.39 0.70 23 X Y 201205291100A
10.49 44.17 22 -1.45 3.72 -2.26 -0.12 0.87 -2.45 23 X Y 201301251448A
10.17 44.10 12 -1.01 1.15 -0.14 -0.46 0.15 -0.17 24 X Y 201306211033A
10.05 44.08 14 -1.60 1.68 -0.08 -0.56 0.44 -0.23 23 X Y 201306301440A
6.71 44.42 12 -2.42 -0.76 3.18 -1.39 0.31 0.78 23 X Y 201404071927A
